[0m [38;2;0;0;0m                                   [0m
 [38;2;0;0;0m                                   [0m
 [38;2;0;0;0m                                   [0m
 [38;2;0;0;0m             [38;2;128;111;144m▃[38;2;161;139;183m▅[38;2;170;147;193m▆▇▇▆[38;2;161;139;183m▅[38;2;128;111;145m▃              [0m
 [38;2;0;0;0m       [38;2;83;115;133m▁[38;2;112;154;177m▁[0m [38;2;40;54;62m [0m [7m[38;2;167;146;187m▘[0m[38;2;177;155;198;48;2;174;152;196m▅▅▅▅▅▅▅▅[0m[7m[38;2;167;146;187m▝[0m [38;2;60;53;67m [0m [38;2;174;135;145m▁[38;2;131;100;109m▁        [0m
 [38;2;0;0;0m   [0m [38;2;119;168;195m▃[38;2;134;188;217m▆[38;2;144;200;231;48;2;89;124;144m▇[38;2;148;202;232;48;2;146;201;231m▃[38;2;150;203;232;48;2;148;202;231m▅[38;2;152;204;233;48;2;151;203;231m┈[0m[38;2;149;198;225m▇[7m[38;2;171;168;204m▘[0m[38;2;183;163;203;48;2;180;159;200m▄▄▄▄▄▄▄▄▄[38;2;211;177;201;48;2;182;161;201m▂[0m[7m[38;2;209;172;193m▝[0m[38;2;221;176;188m▇[38;2;229;181;194;48;2;228;179;193m╴[38;2;228;179;193;48;2;228;177;191m▄[38;2;228;177;191;48;2;227;175;189m▅[38;2;227;174;189;48;2;141;108;117m▇[0m[38;2;213;163;177m▆[38;2;191;145;158m▃[0m [38;2;0;0;0m    [0m
 [38;2;0;0;0m  [0m [7m[38;2;134;187;216m▘[0m[38;2;142;199;230;48;2;145;200;231m▘[38;2;148;202;232;48;2;146;201;231m▃[38;2;150;203;232;48;2;148;202;231m▅[38;2;153;204;233;48;2;150;203;232m▄[38;2;156;206;233;48;2;153;204;233m▄[38;2;159;207;234;48;2;156;206;233m▃[38;2;162;209;235;48;2;159;207;234m▃[38;2;164;207;233;48;2;188;170;207m▍[38;2;190;173;208;48;2;186;168;205m▄▄▄▄▄▄▄[38;2;216;187;208;48;2;189;170;206m▂[38;2;230;192;205;48;2;196;172;204m▅[38;2;233;191;203;48;2;232;190;202m╴[38;2;232;190;202;48;2;231;188;200m▖[38;2;230;185;197;48;2;231;187;199m▝[38;2;230;185;198;48;2;230;183;196m▄[38;2;230;183;196;48;2;229;181;194m▅[38;2;228;179;192m▝[38;2;228;179;193;48;2;228;177;191m▄[38;2;228;177;191;48;2;227;175;189m▅[38;2;226;173;187m▝[0m[7m[38;2;212;162;176m▝[0m [38;2;0;0;0m   [0m
 [38;2;0;0;0m  [7m[38;2;129;178;205m▋[0m[38;2;148;202;232;48;2;146;201;231m▃[38;2;150;203;232;48;2;148;202;231m▅[38;2;153;204;233;48;2;150;203;232m▄[38;2;156;206;233;48;2;153;204;233m▄[38;2;159;207;234;48;2;156;206;233m▃[38;2;162;209;235;48;2;159;207;234m▃[38;2;166;211;235;48;2;162;209;235m▃[38;2;169;212;236;48;2;165;210;235m▄[38;2;171;211;235;48;2;196;180;212m▍[38;2;197;182;213;48;2;194;177;211m▄▄▄▄▄[38;2;221;197;215;48;2;196;179;211m▂[38;2;234;203;214;48;2;202;182;210m▅[38;2;236;202;212;48;2;235;201;211m╴[38;2;235;200;210;48;2;234;197;208m▄[38;2;234;197;208;48;2;234;195;206m▃[38;2;234;195;206;48;2;233;192;203m▃[38;2;233;192;203;48;2;232;189;201m▄[38;2;232;190;202;48;2;231;188;200m▖[38;2;230;185;197;48;2;231;187;199m▝[38;2;230;185;198;48;2;230;183;196m▄[38;2;230;183;196;48;2;229;181;194m▅[38;2;228;179;192m▝[38;2;228;179;193;48;2;228;177;191m▄[38;2;228;177;191;48;2;227;175;189m▅[0m[38;2;201;155;167m▍   [0m
 [38;2;0;0;0m  [7m[38;2;82;112;128m▊[0m[38;2;152;204;233;48;2;147;198;225m┈[38;2;156;206;233;48;2;153;204;233m▄[38;2;159;207;234;48;2;156;206;233m▃[38;2;162;209;235;48;2;159;207;234m▃[38;2;166;211;235;48;2;162;209;235m▃[38;2;169;212;236;48;2;165;210;235m▄[38;2;172;214;237;48;2;169;212;236m▄[38;2;176;216;237;48;2;173;214;237m▃[38;2;178;214;236;48;2;203;189;217m▍[38;2;205;192;219;48;2;201;187;216m▄▄▄[38;2;226;207;222;48;2;203;189;217m▂[38;2;238;213;222;48;2;209;191;216m▅[38;2;240;213;220;48;2;239;211;219m╴[38;2;239;210;218;48;2;238;208;216m▄[38;2;238;208;216;48;2;237;205;214m▄[38;2;237;205;214;48;2;236;202;212m▅[38;2;236;202;212;48;2;235;200;210m▄[38;2;235;200;210;48;2;234;197;208m▄[38;2;234;197;208;48;2;234;195;206m▃[38;2;234;195;206;48;2;233;192;203m▃[38;2;233;192;203;48;2;232;189;201m▄[38;2;232;190;202;48;2;231;188;200m▖[38;2;230;185;197;48;2;231;187;199m▝[38;2;230;185;198;48;2;230;183;196m▄[38;2;230;183;196;48;2;229;181;194m▅[38;2;229;181;194;48;2;222;174;187m╴[0m[38;2;125;98;106m▎   [0m
  [38;2;205;200;138m▂[38;2;239;233;164m▄[7m[38;2;221;231;189m▘[0m[38;2;214;229;200;48;2;163;209;232m▂[38;2;166;211;235;48;2;162;209;235m▃[38;2;169;212;236;48;2;165;210;235m▄[38;2;172;214;237;48;2;169;212;236m▄[38;2;176;216;237;48;2;173;214;237m▃[38;2;179;217;238;48;2;175;215;237m▅[38;2;183;219;239;48;2;179;217;238m▄[38;2;185;218;238;48;2;210;199;223m▍[38;2;212;201;224;48;2;208;196;221m▅[38;2;236;230;240;48;2;210;199;222m▂[38;2;253;250;251;48;2;220;205;224m▄[38;2;254;254;254;48;2;242;222;228m▅[38;2;254;253;253;48;2;241;218;224m▆[38;2;254;253;254;48;2;240;215;222m▆[38;2;254;254;254;48;2;236;220;225m▅[38;2;249;251;251;48;2;228;221;224m▄[38;2;232;242;241;48;2;220;222;223m▂[38;2;207;227;224;48;2;237;204;214m▆[38;2;202;225;221;48;2;236;202;211m▆[38;2;198;222;218;48;2;235;199;209m▆[38;2;193;220;216;48;2;234;196;207m▆[38;2;189;218;213;48;2;233;194;205m▆[38;2;184;215;210;48;2;232;191;203m▆[38;2;180;213;207;48;2;232;189;201m▆[38;2;176;211;204;48;2;231;187;199m▆[38;2;172;208;202;48;2;230;185;197m▆[0m[7m[38;2;178;201;198m▝[0m[38;2;157;198;191m▄[38;2;133;169;162m▂[0m [38;2;0;0;0m [0m
[38;2;153;149;100m▗[7m[38;2;237;232;157m▘[0m[38;2;247;242;166;48;2;247;242;168m▊[38;2;248;242;169;48;2;248;242;171m▋[38;2;248;242;172;48;2;248;243;174m▌[38;2;248;243;175;48;2;247;242;177m╴[38;2;243;241;184;48;2;187;219;223m▅[38;2;220;232;206;48;2;176;215;235m▂[38;2;179;217;238;48;2;175;215;237m▅[38;2;183;219;239;48;2;179;217;238m▄[38;2;186;220;240;48;2;183;219;239m▄[38;2;190;222;240;48;2;186;220;240m▄[38;2;199;219;237;48;2;209;214;233m╴[38;2;249;248;250;48;2;223;215;232m▅[38;2;255;255;255;48;2;254;254;254m┈[48;2;255;255;255m      [48;2;254;254;254m┈[38;2;207;228;225;48;2;244;249;248m▝[38;2;202;225;222;48;2;203;226;222m┊[38;2;198;223;219;48;2;196;222;218m▋[38;2;194;221;217;48;2;192;220;215m▍[38;2;189;219;214;48;2;187;218;212m▌[38;2;185;217;211;48;2;183;215;210m▍[38;2;180;214;208;48;2;177;213;207m▋[38;2;176;212;206;48;2;173;211;204m▍[38;2;171;209;202;48;2;169;208;201m▋[38;2;167;207;200;48;2;165;206;199m▊[38;2;164;206;198;48;2;162;205;197m▌[38;2;161;204;196;48;2;159;203;195m▌[0m[7m[38;2;151;194;186m▝[0m[38;2;95;124;119m▖[0m
[7m[38;2;239;233;156m▎[0m[38;2;247;241;162;48;2;247;242;164m▍[38;2;247;242;166;48;2;247;242;168m▊[38;2;248;242;169;48;2;248;242;171m▋[38;2;248;242;172;48;2;248;243;174m▌[38;2;248;243;175;48;2;248;243;177m▌[38;2;248;243;179;48;2;248;244;181m▌[38;2;248;244;183;48;2;248;243;185m╴[38;2;244;243;192;48;2;198;224;227m▅[38;2;225;236;212;48;2;190;222;238m▂[38;2;193;224;241;48;2;190;222;240m▄[38;2;197;225;242;48;2;193;224;241m▄[38;2;199;225;242;48;2;248;246;250m▍[48;2;255;255;255m          [38;2;249;251;251;48;2;206;228;224m▌[38;2;198;223;219;48;2;196;222;218m▋[38;2;194;221;217;48;2;192;220;215m▍[38;2;189;219;214;48;2;187;218;212m▌[38;2;185;217;211;48;2;183;215;210m▍[38;2;180;214;208;48;2;177;213;207m▋[38;2;176;212;206;48;2;173;211;204m▍[38;2;171;209;202;48;2;169;208;201m▋[38;2;167;207;200;48;2;165;206;199m▊[38;2;164;206;198;48;2;162;205;197m▌[38;2;161;204;196;48;2;159;203;195m▌[38;2;158;202;194;48;2;156;201;193m▍[0m[38;2;149;194;186m▊[0m
[7m[38;2;239;233;156m▏[0m[38;2;247;241;162;48;2;247;242;164m▍[38;2;247;242;166;48;2;247;242;168m▊[38;2;248;242;169;48;2;248;242;171m▋[38;2;248;242;172;48;2;248;243;174m▌[38;2;248;243;175;48;2;248;243;177m▌[38;2;248;243;179;48;2;248;244;181m▌[38;2;248;244;183;48;2;249;244;185m▍[38;2;249;244;188;48;2;249;245;190m▌[38;2;249;245;192;48;2;248;245;193m╴[38;2;246;244;200;48;2;209;230;231m▅[38;2;232;239;218;48;2;203;228;241m▂[38;2;206;230;244;48;2;249;252;253m▍[48;2;255;255;255m          [38;2;248;251;251;48;2;201;225;221m▋[38;2;198;223;219;48;2;196;222;218m▋[38;2;194;221;217;48;2;192;220;215m▍[38;2;189;219;214;48;2;187;218;212m▌[38;2;185;217;211;48;2;183;215;210m▍[38;2;180;214;208;48;2;177;213;207m▋[38;2;176;212;206;48;2;173;211;204m▍[38;2;171;209;202;48;2;169;208;201m▋[38;2;167;207;200;48;2;165;206;199m▊[38;2;164;206;198;48;2;162;205;197m▌[38;2;161;204;196;48;2;159;203;195m▌[38;2;158;202;194;48;2;156;201;193m▍[0m[38;2;149;194;186m▉[0m
[38;2;216;211;141m▝[38;2;152;149;101;48;2;240;234;159m▁[38;2;247;242;166;48;2;247;242;168m▊[38;2;248;242;169;48;2;248;242;171m▋[38;2;248;242;172;48;2;248;243;174m▌[38;2;248;243;175;48;2;248;243;177m▌[38;2;248;243;179;48;2;248;244;181m▌[38;2;248;244;183;48;2;249;244;185m▍[38;2;249;244;188;48;2;249;245;190m▌[38;2;249;245;192;48;2;249;245;194m▋[38;2;250;246;196;48;2;250;246;198m▌[38;2;250;247;202;48;2;249;246;201m┊[38;2;247;246;208;48;2;229;240;237m▅[38;2;246;247;226;48;2;254;254;253m▖[48;2;255;255;255m        [38;2;217;234;231;48;2;252;253;253m▗[38;2;221;236;234;48;2;203;226;222m▏[38;2;198;223;219;48;2;196;222;218m▋[38;2;194;221;217;48;2;192;220;215m▍[38;2;189;219;214;48;2;187;218;212m▌[38;2;185;217;211;48;2;183;215;210m▍[38;2;180;214;208;48;2;177;213;207m▋[38;2;176;212;206;48;2;173;211;204m▍[38;2;171;209;202;48;2;169;208;201m▋[38;2;167;207;200;48;2;165;206;199m▊[38;2;164;206;198;48;2;162;205;197m▌[38;2;161;204;196;48;2;159;203;195m▌[38;2;97;125;120;48;2;152;196;188m▁[0m[38;2;135;175;168m▘[0m
  [7m[38;2;204;200;138m▄[38;2;228;222;156m▂[38;2;240;234;167m▁[38;2;248;243;176m▁[38;2;248;243;180m▁[38;2;248;244;184m▁[38;2;249;244;189m▁[38;2;249;245;193m▁[38;2;250;246;197m▁[38;2;250;246;201m▁[38;2;250;247;205m▁[38;2;251;248;210m▁[38;2;252;250;228m▁[38;2;253;253;244m▁[38;2;254;254;252m▁[38;2;255;255;255m▁[38;2;254;255;255m▁[38;2;252;253;253m▁[38;2;243;248;247m▁[38;2;225;238;236m▁[38;2;206;228;225m▁[38;2;201;225;221m▁[38;2;197;223;219m▁[38;2;192;220;216m▁[38;2;188;218;213m▁[38;2;183;216;210m▁[38;2;179;213;207m▁[38;2;174;211;205m▁[38;2;170;209;202m▁[38;2;161;200;193m▁[38;2;150;189;182m▂[38;2;132;168;162m▄[0m [38;2;2;3;3m [0m
 [38;2;0;0;0m                                   [0m
 [38;2;0;0;0m                                   [0m
 [38;2;0;0;0m                                   [0m
